001000 00000 00001 0000000000010100 //addi
101011 10100 00000 0000000000110010 //sw
000100 00000 00000 0000000000000000 //beq
000000 00001 00100 10100 00000 000000 //add
000000 00000 00000 00000 00000 000001 //sub
000000 00000 00000 00000 00000 000111 //mod
000010 00000000000000000000000000	//J
//Guardar en banco de registros la palabra "Encriptar"
001000 01111 00000 0000000001000101
001000 01111 00001 0000000001101110
001000 01111 00010 0000000001100011
001000 01111 00011 0000000001110010
001000 01111 00100 0000000001101001
001000 01111 00101 0000000001110000
001000 01111 00110 0000000001110100
001000 01111 00111 0000000001100001
001000 01111 01000 0000000001110010
//Guardar en memoria el mensaje la palabra
101011 01111 00000 0000000000000000
101011 01111 00001 0000000000000001
101011 01111 00010 0000000000000010
101011 01111 00011 0000000000000011
101011 01111 00100 0000000000000100
101011 01111 00101 0000000000000101
101011 01111 00110 0000000000000110
101011 01111 00111 0000000000000111
101011 01111 01000 0000000000001000
//Guardar en banco de registros la llave "Llave"
001000 01111 01010 0000000001001100
001000 01111 01011 0000000001101100
001000 01111 01100 0000000001100001
001000 01111 01101 0000000001110110
001000 01111 01110 0000000001100101//instruccion N.23
//instruccion para corregir error de inmediata
000000 10000 10001 10010 00000 000000
//Suma de llave y palabra
000000 00000 01010 10100 00000 000000
000000 00001 01011 10101 00000 000000
000000 00010 01100 10110 00000 000000
000000 00011 01101 10111 00000 000000
000000 00100 01110 11000 00000 000000
000000 00101 01010 11001 00000 000000
000000 00110 01011 11010 00000 000000
000000 00111 01100 11011 00000 000000
000000 01000 01101 11100 00000 000000
//Iniciar Subrutina
001000 01111 11110 0000000100000000 //instruccion 34
//Operacion de modulo
001000 01111 11101 0000000100000000 
//instruccion para corregir error de inmediata
000000 10000 10001 10010 00000 000000

000000 10100 11110 00000 00000 000111
000000 10101 11110 00001 00000 000111
000000 10110 11110 00010 00000 000111
000000 10111 11110 00011 00000 000111
000000 11000 11110 00100 00000 000111
000000 11001 11110 00101 00000 000111
000000 11010 11110 00110 00000 000111
000000 11011 11110 00111 00000 000111
000000 11100 11110 01000 00000 000111
//Comprobar si esta modulando la parabra a encriptar o desencriptar
000100 11110 11111 0000000000010110 //instruccion 46
//Guardar palabra encriptada
101011 01111 00000 0000000000010100
101011 01111 00001 0000000000010101
101011 01111 00010 0000000000010110
101011 01111 00011 0000000000010111
101011 01111 00100 0000000000011000
101011 01111 00101 0000000000011001
101011 01111 00110 0000000000011010
101011 01111 00111 0000000000011011
101011 01111 01000 0000000000011100
//Restar llave de la palabra encriptada
//instrucciones para corregir error de inmediata
001000 01111 01110 0000000001100101
000000 10000 10001 10010 00000 000000

000000 00000 01010 10100 00000 000001
000000 00001 01011 10101 00000 000001
000000 00010 01100 10110 00000 000001
000000 00011 01101 10111 00000 000001
000000 00100 01110 11000 00000 000001
000000 00101 01010 11001 00000 000001
000000 00110 01011 11010 00000 000001
000000 00111 01100 11011 00000 000001
000000 01000 01101 11100 00000 000001
//Ir a subrutina de modulo de palabra
001000 01111 11111 0000000100000000
000010 00000000000000000000100010
//Guardar palabra desencriptada
101011 01111 00000 0000000000011110
101011 01111 00001 0000000000011111
101011 01111 00010 0000000000100000
101011 01111 00011 0000000000100001
101011 01111 00100 0000000000100010
101011 01111 00101 0000000000100011
101011 01111 00110 0000000000100100
101011 01111 00111 0000000000100101
101011 01111 01000 0000000000100110//instruccion 77,88